x = [1147,1511,1531,1462,1290,1122,935,731,694,566,0];
y = [611,508,419,174,308,372,128,132,314,458,0];
encodx = (10.626*x)-9368.5
encody = -(10.626*y) + 7558.7


