
function a = gotos(pixelx,pixely)
enx = 10.646*pixelx - 9368.5;
eny = -(10.646*pixely) + 7558.7;
a=[enx,eny];
end


% x = [1147,1511,1531,1462,1290,1122,935,731,694,566];
% y = [611,508,419,174,308,372,128,132,314,458];
% encodx = (10.646*x)-9368.5
% encody = -(10.646*y) + 7558.7